
					Neighbor Detail
~~~~~~~~~~~~~~~~~~~~~~~~~~~~~~~~~~~~~~~~~~~~~~~~~~~~~~~~~~~~~~~~~~~~~~~~~~~~~~~~~~~~~~~~~~~~
	 Node 	    Neighbor			N_X-Pos		N_Y-Pos		H-Distance(d)
~~~~~~~~~~~~~~~~~~~~~~~~~~~~~~~~~~~~~~~~~~~~~~~~~~~~~~~~~~~~~~~~~~~~~~~~~~~~~~~~~~~~~~~~~~~~~
	  0		2			550		287		  122
	  0		4			628		215		  121
	  0		6			351		231		  174
	  0		7			365		55		  189
	  0		13			443		256		  112
	  0		14			596		92		  112
	  0		20			507		77		  93
	  1		2			550		287		  171
	  1		3			468		367		  126
	  1		17			550		383		  75
	  1		22			650		510		  107
	  1		23			635		380		  111
	  1		27			497		548		  107
	  1		28			439		456		  117
	  2		0			515		170		  122
	  2		1			556		458		  171
	  2		3			468		367		  114
	  2		4			628		215		  106
	  2		13			443		256		  111
	  2		17			550		383		  96
	  2		23			635		380		  125
	  3		1			556		458		  126
	  3		2			550		287		  114
	  3		6			351		231		  179
	  3		13			443		256		  113
	  3		17			550		383		  83
	  3		18			301		447		  185
	  3		23			635		380		  167
	  3		27			497		548		  183
	  3		28			439		456		  93
	  3		29			370		373		  98
	  4		0			515		170		  121
	  4		2			550		287		  106
	  4		13			443		256		  189
	  4		14			596		92		  127
	  4		17			550		383		  185
	  4		20			507		77		  183
	  4		23			635		380		  165
	  5		6			351		231		  150
	  5		7			365		55		  130
	  5		9			211		226		  115
	  5		15			173		68		  92
	  6		0			515		170		  174
	  6		3			468		367		  179
	  6		5			251		118		  150
	  6		7			365		55		  176
	  6		9			211		226		  140
	  6		13			443		256		  95
	  6		16			254		331		  139
	  6		29			370		373		  143
	  7		0			515		170		  189
	  7		5			251		118		  130
	  7		6			351		231		  176
	  7		20			507		77		  143
	  8		15			173		68		  159
	  8		21			44		194		  108
	  9		5			251		118		  115
	  9		6			351		231		  140
	  9		10			86		300		  145
	  9		15			173		68		  162
	  9		16			254		331		  113
	  9		21			44		194		  170
	  10		9			211		226		  145
	  10		11			170		455		  176
	  10		16			254		331		  170
	  10		21			44		194		  114
	  10		26			15		426		  144
	  11		10			86		300		  176
	  11		12			99		541		  111
	  11		16			254		331		  149
	  11		18			301		447		  131
	  11		24			303		551		  164
	  11		25			194		591		  138
	  11		26			15		426		  157
	  12		11			170		455		  111
	  12		25			194		591		  107
	  12		26			15		426		  142
	  13		0			515		170		  112
	  13		2			550		287		  111
	  13		3			468		367		  113
	  13		4			628		215		  189
	  13		6			351		231		  95
	  13		17			550		383		  166
	  13		20			507		77		  190
	  13		29			370		373		  137
	  14		0			515		170		  112
	  14		4			628		215		  127
	  14		20			507		77		  90
	  15		5			251		118		  92
	  15		8			15		89		  159
	  15		9			211		226		  162
	  15		21			44		194		  180
	  16		6			351		231		  139
	  16		9			211		226		  113
	  16		10			86		300		  170
	  16		11			170		455		  149
	  16		18			301		447		  125
	  16		29			370		373		  123
	  17		1			556		458		  75
	  17		2			550		287		  96
	  17		3			468		367		  83
	  17		4			628		215		  185
	  17		13			443		256		  166
	  17		22			650		510		  161
	  17		23			635		380		  85
	  17		27			497		548		  173
	  17		28			439		456		  132
	  17		29			370		373		  180
	  18		3			468		367		  185
	  18		11			170		455		  131
	  18		16			254		331		  125
	  18		19			396		580		  163
	  18		24			303		551		  104
	  18		25			194		591		  179
	  18		28			439		456		  138
	  18		29			370		373		  101
	  19		18			301		447		  163
	  19		24			303		551		  97
	  19		27			497		548		  105
	  19		28			439		456		  131
	  20		0			515		170		  93
	  20		4			628		215		  183
	  20		7			365		55		  143
	  20		13			443		256		  190
	  20		14			596		92		  90
	  21		8			15		89		  108
	  21		9			211		226		  170
	  21		10			86		300		  114
	  21		15			173		68		  180
	  22		1			556		458		  107
	  22		17			550		383		  161
	  22		23			635		380		  130
	  22		27			497		548		  157
	  23		1			556		458		  111
	  23		2			550		287		  125
	  23		3			468		367		  167
	  23		4			628		215		  165
	  23		17			550		383		  85
	  23		22			650		510		  130
	  24		11			170		455		  164
	  24		18			301		447		  104
	  24		19			396		580		  97
	  24		25			194		591		  116
	  24		28			439		456		  165
	  24		29			370		373		  190
	  25		11			170		455		  138
	  25		12			99		541		  107
	  25		18			301		447		  179
	  25		24			303		551		  116
	  26		10			86		300		  144
	  26		11			170		455		  157
	  26		12			99		541		  142
	  27		1			556		458		  107
	  27		3			468		367		  183
	  27		17			550		383		  173
	  27		19			396		580		  105
	  27		22			650		510		  157
	  27		28			439		456		  108
	  28		1			556		458		  117
	  28		3			468		367		  93
	  28		17			550		383		  132
	  28		18			301		447		  138
	  28		19			396		580		  131
	  28		24			303		551		  165
	  28		27			497		548		  108
	  28		29			370		373		  107
	  29		3			468		367		  98
	  29		6			351		231		  143
	  29		13			443		256		  137
	  29		16			254		331		  123
	  29		17			550		383		  180
	  29		18			301		447		  101
	  29		24			303		551		  190
	  29		28			439		456		  107
