
					 Non Neighbor Detail
~~~~~~~~~~~~~~~~~~~~~~~~~~~~~~~~~~~~~~~~~~~~~~~~~~~~~~~~~~~~~~~~~~~~~~~~~~~~~~~~~~~~~~~~~~~~
	 Node 	Non Neighbor				DX-Pos		DY-Pos		H-Distance(d)
~~~~~~~~~~~~~~~~~~~~~~~~~~~~~~~~~~~~~~~~~~~~~~~~~~~~~~~~~~~~~~~~~~~~~~~~~~~~~~~~~~~~~~~~~~~~~
	  0		1			556		458		  290
	  0		3			468		367		  202
	  0		5			251		118		  269
	  0		8			15		89		  506
	  0		9			211		226		  309
	  0		10			86		300		  448
	  0		11			170		455		  447
	  0		12			99		541		  557
	  0		15			173		68		  356
	  0		16			254		331		  306
	  0		17			550		383		  215
	  0		18			301		447		  350
	  0		19			396		580		  426
	  0		21			44		194		  471
	  0		22			650		510		  365
	  0		23			635		380		  241
	  0		24			303		551		  436
	  0		25			194		591		  529
	  0		26			15		426		  561
	  0		27			497		548		  378
	  0		28			439		456		  295
	  0		29			370		373		  249
	  1		0			515		170		  290
	  1		4			628		215		  253
	  1		5			251		118		  456
	  1		6			351		231		  305
	  1		7			365		55		  445
	  1		8			15		89		  654
	  1		9			211		226		  415
	  1		10			86		300		  495
	  1		11			170		455		  386
	  1		12			99		541		  464
	  1		13			443		256		  231
	  1		14			596		92		  368
	  1		15			173		68		  546
	  1		16			254		331		  327
	  1		18			301		447		  255
	  1		19			396		580		  201
	  1		20			507		77		  384
	  1		21			44		194		  576
	  1		24			303		551		  269
	  1		25			194		591		  385
	  1		26			15		426		  541
	  1		29			370		373		  204
	  2		5			251		118		  343
	  2		6			351		231		  206
	  2		7			365		55		  296
	  2		8			15		89		  570
	  2		9			211		226		  344
	  2		10			86		300		  464
	  2		11			170		455		  415
	  2		12			99		541		  517
	  2		14			596		92		  200
	  2		15			173		68		  435
	  2		16			254		331		  299
	  2		18			301		447		  295
	  2		19			396		580		  331
	  2		20			507		77		  214
	  2		21			44		194		  514
	  2		22			650		510		  244
	  2		24			303		551		  361
	  2		25			194		591		  468
	  2		26			15		426		  552
	  2		27			497		548		  266
	  2		28			439		456		  202
	  2		29			370		373		  199
	  3		0			515		170		  202
	  3		4			628		215		  220
	  3		5			251		118		  330
	  3		7			365		55		  328
	  3		8			15		89		  531
	  3		9			211		226		  293
	  3		10			86		300		  387
	  3		11			170		455		  310
	  3		12			99		541		  407
	  3		14			596		92		  303
	  3		15			173		68		  420
	  3		16			254		331		  217
	  3		19			396		580		  224
	  3		20			507		77		  292
	  3		21			44		194		  457
	  3		22			650		510		  231
	  3		24			303		551		  247
	  3		25			194		591		  353
	  3		26			15		426		  456
	  4		1			556		458		  253
	  4		3			468		367		  220
	  4		5			251		118		  389
	  4		6			351		231		  277
	  4		7			365		55		  307
	  4		8			15		89		  625
	  4		9			211		226		  417
	  4		10			86		300		  548
	  4		11			170		455		  517
	  4		12			99		541		  621
	  4		15			173		68		  478
	  4		16			254		331		  391
	  4		18			301		447		  400
	  4		19			396		580		  432
	  4		21			44		194		  584
	  4		22			650		510		  295
	  4		24			303		551		  467
	  4		25			194		591		  574
	  4		26			15		426		  648
	  4		27			497		548		  357
	  4		28			439		456		  306
	  4		29			370		373		  302
	  5		0			515		170		  269
	  5		1			556		458		  456
	  5		2			550		287		  343
	  5		3			468		367		  330
	  5		4			628		215		  389
	  5		8			15		89		  237
	  5		10			86		300		  245
	  5		11			170		455		  346
	  5		12			99		541		  449
	  5		13			443		256		  236
	  5		14			596		92		  345
	  5		16			254		331		  213
	  5		17			550		383		  399
	  5		18			301		447		  332
	  5		19			396		580		  484
	  5		20			507		77		  259
	  5		21			44		194		  220
	  5		22			650		510		  559
	  5		23			635		380		  464
	  5		24			303		551		  436
	  5		25			194		591		  476
	  5		26			15		426		  388
	  5		27			497		548		  495
	  5		28			439		456		  386
	  5		29			370		373		  281
	  6		1			556		458		  305
	  6		2			550		287		  206
	  6		4			628		215		  277
	  6		8			15		89		  364
	  6		10			86		300		  273
	  6		11			170		455		  287
	  6		12			99		541		  399
	  6		14			596		92		  281
	  6		15			173		68		  241
	  6		17			550		383		  250
	  6		18			301		447		  221
	  6		19			396		580		  351
	  6		20			507		77		  219
	  6		21			44		194		  309
	  6		22			650		510		  408
	  6		23			635		380		  320
	  6		24			303		551		  323
	  6		25			194		591		  392
	  6		26			15		426		  388
	  6		27			497		548		  349
	  6		28			439		456		  241
	  7		1			556		458		  445
	  7		2			550		287		  296
	  7		3			468		367		  328
	  7		4			628		215		  307
	  7		8			15		89		  351
	  7		9			211		226		  230
	  7		10			86		300		  371
	  7		11			170		455		  445
	  7		12			99		541		  554
	  7		13			443		256		  215
	  7		14			596		92		  233
	  7		15			173		68		  192
	  7		16			254		331		  297
	  7		17			550		383		  376
	  7		18			301		447		  397
	  7		19			396		580		  525
	  7		21			44		194		  349
	  7		22			650		510		  536
	  7		23			635		380		  422
	  7		24			303		551		  499
	  7		25			194		591		  562
	  7		26			15		426		  510
	  7		27			497		548		  510
	  7		28			439		456		  407
	  7		29			370		373		  318
	  8		0			515		170		  506
	  8		1			556		458		  654
	  8		2			550		287		  570
	  8		3			468		367		  531
	  8		4			628		215		  625
	  8		5			251		118		  237
	  8		6			351		231		  364
	  8		7			365		55		  351
	  8		9			211		226		  239
	  8		10			86		300		  222
	  8		11			170		455		  397
	  8		12			99		541		  459
	  8		13			443		256		  459
	  8		14			596		92		  581
	  8		16			254		331		  340
	  8		17			550		383		  610
	  8		18			301		447		  458
	  8		19			396		580		  621
	  8		20			507		77		  492
	  8		22			650		510		  761
	  8		23			635		380		  684
	  8		24			303		551		  544
	  8		25			194		591		  532
	  8		26			15		426		  337
	  8		27			497		548		  665
	  8		28			439		456		  560
	  8		29			370		373		  454
	  9		0			515		170		  309
	  9		1			556		458		  415
	  9		2			550		287		  344
	  9		3			468		367		  293
	  9		4			628		215		  417
	  9		7			365		55		  230
	  9		8			15		89		  239
	  9		11			170		455		  232
	  9		12			99		541		  334
	  9		13			443		256		  233
	  9		14			596		92		  407
	  9		17			550		383		  373
	  9		18			301		447		  238
	  9		19			396		580		  399
	  9		20			507		77		  331
	  9		22			650		510		  522
	  9		23			635		380		  451
	  9		24			303		551		  337
	  9		25			194		591		  365
	  9		26			15		426		  280
	  9		27			497		548		  430
	  9		28			439		456		  323
	  9		29			370		373		  216
	  10		0			515		170		  448
	  10		1			556		458		  495
	  10		2			550		287		  464
	  10		3			468		367		  387
	  10		4			628		215		  548
	  10		5			251		118		  245
	  10		6			351		231		  273
	  10		7			365		55		  371
	  10		8			15		89		  222
	  10		12			99		541		  241
	  10		13			443		256		  359
	  10		14			596		92		  550
	  10		15			173		68		  247
	  10		17			550		383		  471
	  10		18			301		447		  260
	  10		19			396		580		  417
	  10		20			507		77		  476
	  10		22			650		510		  601
	  10		23			635		380		  554
	  10		24			303		551		  331
	  10		25			194		591		  310
	  10		27			497		548		  480
	  10		28			439		456		  385
	  10		29			370		373		  293
	  11		0			515		170		  447
	  11		1			556		458		  386
	  11		2			550		287		  415
	  11		3			468		367		  310
	  11		4			628		215		  517
	  11		5			251		118		  346
	  11		6			351		231		  287
	  11		7			365		55		  445
	  11		8			15		89		  397
	  11		9			211		226		  232
	  11		13			443		256		  337
	  11		14			596		92		  559
	  11		15			173		68		  387
	  11		17			550		383		  386
	  11		19			396		580		  258
	  11		20			507		77		  506
	  11		21			44		194		  289
	  11		22			650		510		  483
	  11		23			635		380		  471
	  11		27			497		548		  339
	  11		28			439		456		  269
	  11		29			370		373		  216
	  12		0			515		170		  557
	  12		1			556		458		  464
	  12		2			550		287		  517
	  12		3			468		367		  407
	  12		4			628		215		  621
	  12		5			251		118		  449
	  12		6			351		231		  399
	  12		7			365		55		  554
	  12		8			15		89		  459
	  12		9			211		226		  334
	  12		10			86		300		  241
	  12		13			443		256		  446
	  12		14			596		92		  669
	  12		15			173		68		  478
	  12		16			254		331		  261
	  12		17			550		383		  477
	  12		18			301		447		  222
	  12		19			396		580		  299
	  12		20			507		77		  617
	  12		21			44		194		  351
	  12		22			650		510		  551
	  12		23			635		380		  559
	  12		24			303		551		  204
	  12		27			497		548		  398
	  12		28			439		456		  350
	  12		29			370		373		  318
	  13		1			556		458		  231
	  13		5			251		118		  236
	  13		7			365		55		  215
	  13		8			15		89		  459
	  13		9			211		226		  233
	  13		10			86		300		  359
	  13		11			170		455		  337
	  13		12			99		541		  446
	  13		14			596		92		  224
	  13		15			173		68		  329
	  13		16			254		331		  203
	  13		18			301		447		  238
	  13		19			396		580		  327
	  13		20			507		77		  190
	  13		21			44		194		  403
	  13		22			650		510		  327
	  13		23			635		380		  228
	  13		24			303		551		  326
	  13		25			194		591		  417
	  13		26			15		426		  460
	  13		27			497		548		  296
	  13		28			439		456		  200
	  14		1			556		458		  368
	  14		2			550		287		  200
	  14		3			468		367		  303
	  14		5			251		118		  345
	  14		6			351		231		  281
	  14		7			365		55		  233
	  14		8			15		89		  581
	  14		9			211		226		  407
	  14		10			86		300		  550
	  14		11			170		455		  559
	  14		12			99		541		  669
	  14		13			443		256		  224
	  14		15			173		68		  423
	  14		16			254		331		  417
	  14		17			550		383		  294
	  14		18			301		447		  461
	  14		19			396		580		  527
	  14		21			44		194		  561
	  14		22			650		510		  421
	  14		23			635		380		  290
	  14		24			303		551		  544
	  14		25			194		591		  640
	  14		26			15		426		  670
	  14		27			497		548		  466
	  14		28			439		456		  396
	  14		29			370		373		  360
	  15		0			515		170		  356
	  15		1			556		458		  546
	  15		2			550		287		  435
	  15		3			468		367		  420
	  15		4			628		215		  478
	  15		6			351		231		  241
	  15		7			365		55		  192
	  15		10			86		300		  247
	  15		11			170		455		  387
	  15		12			99		541		  478
	  15		13			443		256		  329
	  15		14			596		92		  423
	  15		16			254		331		  275
	  15		17			550		383		  491
	  15		18			301		447		  400
	  15		19			396		580		  558
	  15		20			507		77		  334
	  15		22			650		510		  650
	  15		23			635		380		  557
	  15		24			303		551		  500
	  15		25			194		591		  523
	  15		26			15		426		  391
	  15		27			497		548		  579
	  15		28			439		456		  470
	  15		29			370		373		  363
	  16		0			515		170		  306
	  16		1			556		458		  327
	  16		2			550		287		  299
	  16		3			468		367		  217
	  16		4			628		215		  391
	  16		5			251		118		  213
	  16		7			365		55		  297
	  16		8			15		89		  340
	  16		12			99		541		  261
	  16		13			443		256		  203
	  16		14			596		92		  417
	  16		15			173		68		  275
	  16		17			550		383		  300
	  16		19			396		580		  286
	  16		20			507		77		  358
	  16		21			44		194		  250
	  16		22			650		510		  434
	  16		23			635		380		  384
	  16		24			303		551		  225
	  16		25			194		591		  266
	  16		26			15		426		  257
	  16		27			497		548		  325
	  16		28			439		456		  223
	  17		0			515		170		  215
	  17		5			251		118		  399
	  17		6			351		231		  250
	  17		7			365		55		  376
	  17		8			15		89		  610
	  17		9			211		226		  373
	  17		10			86		300		  471
	  17		11			170		455		  386
	  17		12			99		541		  477
	  17		14			596		92		  294
	  17		15			173		68		  491
	  17		16			254		331		  300
	  17		18			301		447		  257
	  17		19			396		580		  250
	  17		20			507		77		  309
	  17		21			44		194		  540
	  17		24			303		551		  298
	  17		25			194		591		  412
	  17		26			15		426		  536
	  18		0			515		170		  350
	  18		1			556		458		  255
	  18		2			550		287		  295
	  18		4			628		215		  400
	  18		5			251		118		  332
	  18		6			351		231		  221
	  18		7			365		55		  397
	  18		8			15		89		  458
	  18		9			211		226		  238
	  18		10			86		300		  260
	  18		12			99		541		  222
	  18		13			443		256		  238
	  18		14			596		92		  461
	  18		15			173		68		  400
	  18		17			550		383		  257
	  18		20			507		77		  423
	  18		21			44		194		  360
	  18		22			650		510		  354
	  18		23			635		380		  340
	  18		26			15		426		  286
	  18		27			497		548		  220
	  19		0			515		170		  426
	  19		1			556		458		  201
	  19		2			550		287		  331
	  19		3			468		367		  224
	  19		4			628		215		  432
	  19		5			251		118		  484
	  19		6			351		231		  351
	  19		7			365		55		  525
	  19		8			15		89		  621
	  19		9			211		226		  399
	  19		10			86		300		  417
	  19		11			170		455		  258
	  19		12			99		541		  299
	  19		13			443		256		  327
	  19		14			596		92		  527
	  19		15			173		68		  558
	  19		16			254		331		  286
	  19		17			550		383		  250
	  19		20			507		77		  515
	  19		21			44		194		  522
	  19		22			650		510		  263
	  19		23			635		380		  311
	  19		25			194		591		  202
	  19		26			15		426		  410
	  19		29			370		373		  208
	  20		1			556		458		  384
	  20		2			550		287		  214
	  20		3			468		367		  292
	  20		5			251		118		  259
	  20		6			351		231		  219
	  20		8			15		89		  492
	  20		9			211		226		  331
	  20		10			86		300		  476
	  20		11			170		455		  506
	  20		12			99		541		  617
	  20		13			443		256		  190
	  20		15			173		68		  334
	  20		16			254		331		  358
	  20		17			550		383		  309
	  20		18			301		447		  423
	  20		19			396		580		  515
	  20		21			44		194		  477
	  20		22			650		510		  456
	  20		23			635		380		  328
	  20		24			303		551		  516
	  20		25			194		591		  601
	  20		26			15		426		  603
	  20		27			497		548		  471
	  20		28			439		456		  385
	  20		29			370		373		  326
	  21		0			515		170		  471
	  21		1			556		458		  576
	  21		2			550		287		  514
	  21		3			468		367		  457
	  21		4			628		215		  584
	  21		5			251		118		  220
	  21		6			351		231		  309
	  21		7			365		55		  349
	  21		11			170		455		  289
	  21		12			99		541		  351
	  21		13			443		256		  403
	  21		14			596		92		  561
	  21		16			254		331		  250
	  21		17			550		383		  540
	  21		18			301		447		  360
	  21		19			396		580		  522
	  21		20			507		77		  477
	  21		22			650		510		  683
	  21		23			635		380		  619
	  21		24			303		551		  441
	  21		25			194		591		  424
	  21		26			15		426		  233
	  21		27			497		548		  574
	  21		28			439		456		  473
	  21		29			370		373		  371
	  22		0			515		170		  365
	  22		2			550		287		  244
	  22		3			468		367		  231
	  22		4			628		215		  295
	  22		5			251		118		  559
	  22		6			351		231		  408
	  22		7			365		55		  536
	  22		8			15		89		  761
	  22		9			211		226		  522
	  22		10			86		300		  601
	  22		11			170		455		  483
	  22		12			99		541		  551
	  22		13			443		256		  327
	  22		14			596		92		  421
	  22		15			173		68		  650
	  22		16			254		331		  434
	  22		18			301		447		  354
	  22		19			396		580		  263
	  22		20			507		77		  456
	  22		21			44		194		  683
	  22		24			303		551		  349
	  22		25			194		591		  463
	  22		26			15		426		  640
	  22		28			439		456		  217
	  22		29			370		373		  311
	  23		0			515		170		  241
	  23		5			251		118		  464
	  23		6			351		231		  320
	  23		7			365		55		  422
	  23		8			15		89		  684
	  23		9			211		226		  451
	  23		10			86		300		  554
	  23		11			170		455		  471
	  23		12			99		541		  559
	  23		13			443		256		  228
	  23		14			596		92		  290
	  23		15			173		68		  557
	  23		16			254		331		  384
	  23		18			301		447		  340
	  23		19			396		580		  311
	  23		20			507		77		  328
	  23		21			44		194		  619
	  23		24			303		551		  373
	  23		25			194		591		  488
	  23		26			15		426		  621
	  23		27			497		548		  217
	  23		28			439		456		  210
	  23		29			370		373		  265
	  24		0			515		170		  436
	  24		1			556		458		  269
	  24		2			550		287		  361
	  24		3			468		367		  247
	  24		4			628		215		  467
	  24		5			251		118		  436
	  24		6			351		231		  323
	  24		7			365		55		  499
	  24		8			15		89		  544
	  24		9			211		226		  337
	  24		10			86		300		  331
	  24		12			99		541		  204
	  24		13			443		256		  326
	  24		14			596		92		  544
	  24		15			173		68		  500
	  24		16			254		331		  225
	  24		17			550		383		  298
	  24		20			507		77		  516
	  24		21			44		194		  441
	  24		22			650		510		  349
	  24		23			635		380		  373
	  24		26			15		426		  313
	  24		27			497		548		  194
	  24		29			370		373		  190
	  25		0			515		170		  529
	  25		1			556		458		  385
	  25		2			550		287		  468
	  25		3			468		367		  353
	  25		4			628		215		  574
	  25		5			251		118		  476
	  25		6			351		231		  392
	  25		7			365		55		  562
	  25		8			15		89		  532
	  25		9			211		226		  365
	  25		10			86		300		  310
	  25		13			443		256		  417
	  25		14			596		92		  640
	  25		15			173		68		  523
	  25		16			254		331		  266
	  25		17			550		383		  412
	  25		19			396		580		  202
	  25		20			507		77		  601
	  25		21			44		194		  424
	  25		22			650		510		  463
	  25		23			635		380		  488
	  25		26			15		426		  243
	  25		27			497		548		  306
	  25		28			439		456		  279
	  25		29			370		373		  280
	  26		0			515		170		  561
	  26		1			556		458		  541
	  26		2			550		287		  552
	  26		3			468		367		  456
	  26		4			628		215		  648
	  26		5			251		118		  388
	  26		6			351		231		  388
	  26		7			365		55		  510
	  26		8			15		89		  337
	  26		9			211		226		  280
	  26		13			443		256		  460
	  26		14			596		92		  670
	  26		15			173		68		  391
	  26		16			254		331		  257
	  26		17			550		383		  536
	  26		18			301		447		  286
	  26		19			396		580		  410
	  26		20			507		77		  603
	  26		21			44		194		  233
	  26		22			650		510		  640
	  26		23			635		380		  621
	  26		24			303		551		  313
	  26		25			194		591		  243
	  26		27			497		548		  497
	  26		28			439		456		  425
	  26		29			370		373		  358
	  27		0			515		170		  378
	  27		2			550		287		  266
	  27		4			628		215		  357
	  27		5			251		118		  495
	  27		6			351		231		  349
	  27		7			365		55		  510
	  27		8			15		89		  665
	  27		9			211		226		  430
	  27		10			86		300		  480
	  27		11			170		455		  339
	  27		12			99		541		  398
	  27		13			443		256		  296
	  27		14			596		92		  466
	  27		15			173		68		  579
	  27		16			254		331		  325
	  27		18			301		447		  220
	  27		20			507		77		  471
	  27		21			44		194		  574
	  27		23			635		380		  217
	  27		24			303		551		  194
	  27		25			194		591		  306
	  27		26			15		426		  497
	  27		29			370		373		  216
	  28		0			515		170		  295
	  28		2			550		287		  202
	  28		4			628		215		  306
	  28		5			251		118		  386
	  28		6			351		231		  241
	  28		7			365		55		  407
	  28		8			15		89		  560
	  28		9			211		226		  323
	  28		10			86		300		  385
	  28		11			170		455		  269
	  28		12			99		541		  350
	  28		13			443		256		  200
	  28		14			596		92		  396
	  28		15			173		68		  470
	  28		16			254		331		  223
	  28		20			507		77		  385
	  28		21			44		194		  473
	  28		22			650		510		  217
	  28		23			635		380		  210
	  28		25			194		591		  279
	  28		26			15		426		  425
	  29		0			515		170		  249
	  29		1			556		458		  204
	  29		2			550		287		  199
	  29		4			628		215		  302
	  29		5			251		118		  281
	  29		7			365		55		  318
	  29		8			15		89		  454
	  29		9			211		226		  216
	  29		10			86		300		  293
	  29		11			170		455		  216
	  29		12			99		541		  318
	  29		14			596		92		  360
	  29		15			173		68		  363
	  29		19			396		580		  208
	  29		20			507		77		  326
	  29		21			44		194		  371
	  29		22			650		510		  311
	  29		23			635		380		  265
	  29		24			303		551		  190
	  29		25			194		591		  280
	  29		26			15		426		  358
	  29		27			497		548		  216
