~~~~~~~~~~~~~~~~~~~~~~~~~~~~~~~~~~~~~~~~~~~~~~~~~~~~~~~~~~~~~~~~~~~~~~~~~~~~~~~~~~~~~~~~~~~~
	 Node 	Non Neighbor			DX-Pos		DY-Pos		H-Distance(d)
~~~~~~~~~~~~~~~~~~~~~~~~~~~~~~~~~~~~~~~~~~~~~~~~~~~~~~~~~~~~~~~~~~~~~~~~~~~~~~~~~~~~~~~~~~~~~
	  0		2			515		170		  122
	  0		4			515		170		  121
	  0		6			515		170		  174
	  0		7			515		170		  189
	  0		13			515		170		  112
	  0		14			515		170		  112
	  0		20			515		170		  93
	  1		2			556		458		  171
	  1		3			556		458		  126
	  1		17			556		458		  75
	  1		22			556		458		  107
	  1		23			556		458		  111
	  1		27			556		458		  107
	  1		28			556		458		  117
	  2		0			550		287		  122
	  2		1			550		287		  171
	  2		3			550		287		  114
	  2		4			550		287		  106
	  2		13			550		287		  111
	  2		17			550		287		  96
	  2		23			550		287		  125
	  3		1			468		367		  126
	  3		2			468		367		  114
	  3		6			468		367		  179
	  3		13			468		367		  113
	  3		17			468		367		  83
	  3		18			468		367		  185
	  3		23			468		367		  167
	  3		27			468		367		  183
	  3		28			468		367		  93
	  3		29			468		367		  98
	  4		0			628		215		  121
	  4		2			628		215		  106
	  4		13			628		215		  189
	  4		14			628		215		  127
	  4		17			628		215		  185
	  4		20			628		215		  183
	  4		23			628		215		  165
	  5		6			251		118		  150
	  5		7			251		118		  130
	  5		9			251		118		  115
	  5		15			251		118		  92
	  6		0			351		231		  174
	  6		3			351		231		  179
	  6		5			351		231		  150
	  6		7			351		231		  176
	  6		9			351		231		  140
	  6		13			351		231		  95
	  6		16			351		231		  139
	  6		29			351		231		  143
	  7		0			365		55		  189
	  7		5			365		55		  130
	  7		6			365		55		  176
	  7		20			365		55		  143
	  8		15			15		89		  159
	  8		21			15		89		  108
	  9		5			211		226		  115
	  9		6			211		226		  140
	  9		10			211		226		  145
	  9		15			211		226		  162
	  9		16			211		226		  113
	  9		21			211		226		  170
	  10		9			86		300		  145
	  10		11			86		300		  176
	  10		16			86		300		  170
	  10		21			86		300		  114
	  10		26			86		300		  144
	  11		10			170		455		  176
	  11		12			170		455		  111
	  11		16			170		455		  149
	  11		18			170		455		  131
	  11		24			170		455		  164
	  11		25			170		455		  138
	  11		26			170		455		  157
	  12		11			99		541		  111
	  12		25			99		541		  107
	  12		26			99		541		  142
	  13		0			443		256		  112
	  13		2			443		256		  111
	  13		3			443		256		  113
	  13		4			443		256		  189
	  13		6			443		256		  95
	  13		17			443		256		  166
	  13		20			443		256		  190
	  13		29			443		256		  137
	  14		0			596		92		  112
	  14		4			596		92		  127
	  14		20			596		92		  90
	  15		5			173		68		  92
	  15		8			173		68		  159
	  15		9			173		68		  162
	  15		21			173		68		  180
	  16		6			254		331		  139
	  16		9			254		331		  113
	  16		10			254		331		  170
	  16		11			254		331		  149
	  16		18			254		331		  125
	  16		29			254		331		  123
	  17		1			550		383		  75
	  17		2			550		383		  96
	  17		3			550		383		  83
	  17		4			550		383		  185
	  17		13			550		383		  166
	  17		22			550		383		  161
	  17		23			550		383		  85
	  17		27			550		383		  173
	  17		28			550		383		  132
	  17		29			550		383		  180
	  18		3			301		447		  185
	  18		11			301		447		  131
	  18		16			301		447		  125
	  18		19			301		447		  163
	  18		24			301		447		  104
	  18		25			301		447		  179
	  18		28			301		447		  138
	  18		29			301		447		  101
	  19		18			396		580		  163
	  19		24			396		580		  97
	  19		27			396		580		  105
	  19		28			396		580		  131
	  20		0			507		77		  93
	  20		4			507		77		  183
	  20		7			507		77		  143
	  20		13			507		77		  190
	  20		14			507		77		  90
	  21		8			44		194		  108
	  21		9			44		194		  170
	  21		10			44		194		  114
	  21		15			44		194		  180
	  22		1			650		510		  107
	  22		17			650		510		  161
	  22		23			650		510		  130
	  22		27			650		510		  157
	  23		1			635		380		  111
	  23		2			635		380		  125
	  23		3			635		380		  167
	  23		4			635		380		  165
	  23		17			635		380		  85
	  23		22			635		380		  130
	  24		11			303		551		  164
	  24		18			303		551		  104
	  24		19			303		551		  97
	  24		25			303		551		  116
	  24		28			303		551		  165
	  24		29			303		551		  190
	  25		11			194		591		  138
	  25		12			194		591		  107
	  25		18			194		591		  179
	  25		24			194		591		  116
	  26		10			15		426		  144
	  26		11			15		426		  157
	  26		12			15		426		  142
	  27		1			497		548		  107
	  27		3			497		548		  183
	  27		17			497		548		  173
	  27		19			497		548		  105
	  27		22			497		548		  157
	  27		28			497		548		  108
	  28		1			439		456		  117
	  28		3			439		456		  93
	  28		17			439		456		  132
	  28		18			439		456		  138
	  28		19			439		456		  131
	  28		24			439		456		  165
	  28		27			439		456		  108
	  28		29			439		456		  107
	  29		3			370		373		  98
	  29		6			370		373		  143
	  29		13			370		373		  137
	  29		16			370		373		  123
	  29		17			370		373		  180
	  29		18			370		373		  101
	  29		24			370		373		  190
	  29		28			370		373		  107
